Epoch (0) Batch(0) : Loss = [[ 41953.44921875  42029.7734375   41993.65234375 ...,  41961.44140625
   42065.36328125  42029.078125  ]
 [ 42029.7734375   42167.75        42102.39453125 ...,  42044.62109375
   42231.046875    42165.8515625 ]
 [ 41993.65234375  42102.39453125  42051.9296875  ...,  42005.8125
   42153.22265625  42101.1171875 ]
 ..., 
 [ 41961.44140625  42044.62109375  42005.8125     ...,  41971.2109375
   42084.26171875  42043.8125    ]
 [ 42065.36328125  42231.046875    42153.22265625 ...,  42084.26171875
   42309.79296875  42229.        ]
 [ 42029.078125    42165.8515625   42101.1171875  ...,  42043.8125      42229.
   42165.5       ]]
Epoch (0) Batch(0) : Loss = [[ 288837.875    288735.       289926.03125 ...,  288988.53125  289118.5
   288926.5625 ]
 [ 288735.       288665.03125  289972.9375  ...,  288856.125    289054.9375
   288833.5625 ]
 [ 289926.03125  289972.9375   294893.      ...,  290069.4375   291219.0625
   290306.9375 ]
 ..., 
 [ 288988.53125  288856.125    290069.4375  ...,  289168.34375
   289265.84375  289077.34375]
 [ 289118.5      289054.9375   291219.0625  ...,  289265.84375
   289663.28125  289282.8125 ]
 [ 288926.5625   288833.5625   290306.9375  ...,  289077.34375  289282.8125
   289036.90625]]
Epoch (0) Batch(0) : Loss = [[ 5165.60742188  5182.04492188  5159.29248047 ...,  5170.48193359
   5166.88867188  5167.97216797]
 [ 5182.04492188  5211.33007812  5173.26904297 ...,  5189.96142578
   5182.34326172  5183.90332031]
 [ 5159.29248047  5173.26904297  5156.22558594 ...,  5162.91650391
   5159.04394531  5159.85644531]
 ..., 
 [ 5170.48193359  5189.96142578  5162.91650391 ...,  5175.37988281
   5171.05224609  5172.23095703]
 [ 5166.88867188  5182.34326172  5159.04394531 ...,  5171.05224609
   5167.23193359  5168.79736328]
 [ 5167.97216797  5183.90332031  5159.85644531 ...,  5172.23095703
   5168.79736328  5169.359375  ]]
Epoch (0) Batch(0) : Loss = [[ 212.5592804   212.82290649  213.09268188 ...,  212.94213867
   212.90791321  212.85693359]
 [ 212.82290649  211.56123352  212.58314514 ...,  212.5501709   212.56578064
   212.54107666]
 [ 213.09268188  212.58314514  211.8911438  ...,  212.67884827
   212.65299988  212.61198425]
 ..., 
 [ 212.94213867  212.5501709   212.67884827 ...,  211.68513489
   212.60554504  212.57043457]
 [ 212.90791321  212.56578064  212.65299988 ...,  212.60554504
   211.67480469  212.5824585 ]
 [ 212.85693359  212.54107666  212.61198425 ...,  212.57043457  212.5824585
   211.63853455]]
Epoch (0) Batch(0) : Loss = [[  98.80672455  100.11357117  100.01766205 ...,   99.7121582    99.78884125
    99.77494812]
 [ 100.11357117  100.0809021   100.83153534 ...,  100.07328033
   100.11959076  100.10229492]
 [ 100.01766205  100.83153534   99.70950317 ...,   99.97166443
   100.01029205  100.01085663]
 ..., 
 [  99.7121582   100.07328033   99.97166443 ...,   98.70868683
    99.71592712   99.70820618]
 [  99.78884125  100.11959076  100.01029205 ...,   99.71592712
    98.80169678   99.76615143]
 [  99.77494812  100.10229492  100.01085663 ...,   99.70820618
    99.76615143   98.77856445]]
Epoch (0) Batch(0) : Loss = [[ 882.57617188  883.04486084  882.83099365 ...,  882.82653809  882.7611084
   882.69915771]
 [ 883.04486084  882.519104    884.58062744 ...,  884.46325684
   884.33355713  883.91583252]
 [ 882.83099365  884.58062744  886.84796143 ...,  887.6161499   887.37530518
   886.05004883]
 ..., 
 [ 882.82653809  884.46325684  887.6161499  ...,  886.45544434
   887.22320557  885.8460083 ]
 [ 882.7611084   884.33355713  887.37530518 ...,  887.22320557
   886.00585938  885.66217041]
 [ 882.69915771  883.91583252  886.05004883 ...,  885.8460083   885.66217041
   883.96289062]]
Epoch (0) Batch(0) : Loss = [[ 81.17483521  81.82065582  81.55889893 ...,  81.842659    81.9072113
   81.79264832]
 [ 81.82065582  80.86501312  81.47499847 ...,  81.92233276  81.65648651
   81.78246307]
 [ 81.55889893  81.47499847  80.47107697 ...,  81.47710419  81.5229187
   81.47575378]
 ..., 
 [ 81.842659    81.92233276  81.47710419 ...,  81.00160217  81.66698456
   81.82487488]
 [ 81.9072113   81.65648651  81.5229187  ...,  81.66698456  80.7678299
   81.64141846]
 [ 81.79264832  81.78246307  81.47575378 ...,  81.82487488  81.64141846
   80.74495697]]
Epoch (0) Batch(0) : Loss = [[ 443.33837891  442.63070679  443.7036438  ...,  443.12237549
   443.76577759  441.39865112]
 [ 442.63070679  440.70529175  442.3571167  ...,  442.02127075  442.355896
   440.64337158]
 [ 443.7036438   442.3571167   442.43890381 ...,  442.85064697
   443.30908203  441.13473511]
 ..., 
 [ 443.12237549  442.02127075  442.85064697 ...,  441.42153931
   442.79696655  440.85049438]
 [ 443.76577759  442.355896    443.30908203 ...,  442.79696655
   442.35385132  441.14263916]
 [ 441.39865112  440.64337158  441.13473511 ...,  440.85049438
   441.14263916  439.37634277]]
Epoch (0) Batch(0) : Loss = [[ 47.72193909  48.73206711  48.72116089 ...,  48.72626877  48.72774124
   48.72917557]
 [ 48.73206711  47.77945328  48.73654938 ...,  48.7658844   48.77596664
   48.78260422]
 [ 48.72116089  48.73654938  47.72542191 ...,  48.73078537  48.73272324
   48.73400116]
 ..., 
 [ 48.72626877  48.7658844   48.73078537 ...,  47.8138504   48.84556961
   48.87219238]
 [ 48.72774124  48.77596664  48.73272324 ...,  48.84556961  47.94272232
   49.00785446]
 [ 48.72917557  48.78260422  48.73400116 ...,  48.87219238  49.00785446
   48.15394211]]
Epoch (0) Batch(0) : Loss = [[ 662.222229    663.58660889  660.95458984 ...,  660.89312744
   663.01239014  664.0612793 ]
 [ 663.58660889  662.98608398  661.12451172 ...,  661.05773926
   663.35241699  664.48748779]
 [ 660.95458984  661.12451172  659.27429199 ...,  660.01403809
   661.24206543  661.78411865]
 ..., 
 [ 660.89312744  661.05773926  660.01403809 ...,  658.93804932
   660.99206543  661.5111084 ]
 [ 663.01239014  663.35241699  661.24206543 ...,  660.99206543  662.1763916
   664.20733643]
 [ 664.0612793   664.48748779  661.78411865 ...,  661.5111084   664.20733643
   664.49816895]]
Epoch (0) Batch(0) : Loss = [[ 34.57818604  35.57818604  35.57818604 ...,  35.57818604  35.57818604
   35.57818604]
 [ 35.57818604  34.98070145  35.57820511 ...,  35.93818283  35.98070145
   35.57818604]
 [ 35.57818604  35.57820511  34.57818604 ...,  35.57820511  35.57820511
   35.57818604]
 ..., 
 [ 35.57818604  35.93818283  35.57820511 ...,  34.90432358  35.93818283
   35.57818604]
 [ 35.57818604  35.98070145  35.57820511 ...,  35.93818283  34.98070145
   35.57818604]
 [ 35.57818604  35.57818604  35.57818604 ...,  35.57818604  35.57818604
   34.57818604]]
Epoch (0) Batch(0) : Loss = [[ 30.72515869  31.35887718  31.55347061 ...,  31.72515869  31.35887718
   31.36310387]
 [ 31.35887718  30.35887718  31.35887718 ...,  31.35887718  31.35887718
   31.35887718]
 [ 31.55347061  31.35887718  30.48566246 ...,  31.55347061  31.35887718
   31.36244011]
 ..., 
 [ 31.72515869  31.35887718  31.55347061 ...,  30.72515869  31.35887718
   31.36310387]
 [ 31.35887718  31.35887718  31.35887718 ...,  31.35887718  30.35887718
   31.35887718]
 [ 31.36310387  31.35887718  31.36244011 ...,  31.36310387  31.35887718
   30.35963631]]
Epoch (0) Batch(0) : Loss = [[ 26.58056641  27.58056641  27.58056641 ...,  27.58056641  27.58056641
   27.58056641]
 [ 27.58056641  26.64914703  27.71199799 ...,  27.58056641  27.58056641
   27.71199799]
 [ 27.58056641  27.71199799  26.91644287 ...,  27.58056641  27.58056641
   27.91644287]
 ..., 
 [ 27.58056641  27.58056641  27.58056641 ...,  26.58056641  27.58056641
   27.58056641]
 [ 27.58056641  27.58056641  27.58056641 ...,  27.58056641  26.58056641
   27.58056641]
 [ 27.58056641  27.71199799  27.91644287 ...,  27.58056641  27.58056641
   26.91644287]]
Epoch (0) Batch(0) : Loss = [[ 22.57995605  23.62249184  23.62249184 ...,  23.55186272  23.61877441
   23.55501366]
 [ 23.62249184  22.8628521   23.8628521  ...,  23.55186272  23.84112549
   23.5571022 ]
 [ 23.62249184  23.8628521   22.8628521  ...,  23.55186272  23.84112549
   23.5571022 ]
 ..., 
 [ 23.55186272  23.55186272  23.55186272 ...,  22.55186272  23.55186272
   23.55186272]
 [ 23.61877441  23.84112549  23.84112549 ...,  23.55186272  22.82244682
   23.55690956]
 [ 23.55501366  23.5571022   23.5571022  ...,  23.55186272  23.55690956
   22.55304909]]
Epoch (0) Batch(0) : Loss = [[ 18.81130981  19.8036499   19.54615593 ...,  19.77803802  19.54615593
   19.79632568]
 [ 19.8036499   18.79641342  19.54615593 ...,  19.77220535  19.54615593
   19.78949356]
 [ 19.54615593  19.54615593  18.54615593 ...,  19.54615593  19.54615593
   19.54615593]
 ..., 
 [ 19.77803802  19.77220535  19.54615593 ...,  18.75269127  19.54615593
   19.76663017]
 [ 19.54615593  19.54615593  19.54615593 ...,  19.54615593  18.54615593
   19.54615593]
 [ 19.79632568  19.78949356  19.54615593 ...,  19.76663017  19.54615593
   18.78295898]]
Epoch (0) Batch(0) : Loss = [[ 173.69422913  174.38008118  173.85133362 ...,  174.25325012
   174.33085632  174.13076782]
 [ 174.38008118  173.2361908   173.75674438 ...,  174.1211853   174.05184937
   173.90489197]
 [ 173.85133362  173.75674438  172.44152832 ...,  173.68112183
   173.63554382  173.53892517]
 ..., 
 [ 174.25325012  174.1211853   173.68112183 ...,  173.015625    173.95198059
   173.81710815]
 [ 174.33085632  174.05184937  173.63554382 ...,  173.95198059
   173.04521179  173.88000488]
 [ 174.13076782  173.90489197  173.53892517 ...,  173.81710815
   173.88000488  172.74435425]]
Epoch (0) Batch(0) : Loss = [[ 10.1843996   11.1843996   11.1843996  ...,  11.1843996   11.1843996
   11.1843996 ]
 [ 11.1843996   10.1843996   11.1843996  ...,  11.1843996   11.1843996
   11.1843996 ]
 [ 11.1843996   11.1843996   10.20077801 ...,  11.2148447   11.20953083
   11.21419716]
 ..., 
 [ 11.1843996   11.1843996   11.2148447  ...,  10.26239204  11.24344254
   11.25996971]
 [ 11.1843996   11.1843996   11.20953083 ...,  11.24344254  10.23267937
   11.24190712]
 [ 11.1843996   11.1843996   11.21419716 ...,  11.25996971  11.24190712
   10.25777817]]
Epoch (0) Batch(0) : Loss = [[ 8.16308117  9.16308117  9.16308117 ...,  9.16308117  9.16308117
   9.16308117]
 [ 9.16308117  8.16872311  9.16308117 ...,  9.17278576  9.17261124
   9.17229748]
 [ 9.16308117  9.16308117  8.16308117 ...,  9.16308117  9.16308117
   9.16308117]
 ..., 
 [ 9.16308117  9.17278576  9.16308117 ...,  8.18639469  9.18627739
   9.18506527]
 [ 9.16308117  9.17261124  9.16308117 ...,  9.18627739  8.18730068
   9.18534279]
 [ 9.16308117  9.17229748  9.16308117 ...,  9.18506527  9.18534279
   8.18420601]]
Epoch (0) Batch(0) : Loss = [[ 7.3475976   8.34602833  8.34602833 ...,  8.34837818  8.34861851
   8.34795761]
 [ 8.34602833  7.34602833  8.34602833 ...,  8.34602833  8.34602833
   8.34602833]
 [ 8.34602833  8.34602833  7.34602833 ...,  8.34602833  8.34602833
   8.34602833]
 ..., 
 [ 8.34837818  8.34602833  8.34602833 ...,  7.35445309  8.35435867
   8.35366631]
 [ 8.34861851  8.34602833  8.34602833 ...,  8.35435867  7.35456085
   8.35342407]
 [ 8.34795761  8.34602833  8.34602833 ...,  8.35366631  8.35342407
   7.35320187]]
Epoch (0) Batch(0) : Loss = [[ 7.03052616  8.03052616  8.03052616 ...,  8.03052616  8.03052616
   8.03052616]
 [ 8.03052616  7.03052616  8.03052616 ...,  8.03052616  8.03052616
   8.03052616]
 [ 8.03052616  8.03052616  7.03463697 ...,  8.03446579  8.03381443
   8.03122711]
 ..., 
 [ 8.03052616  8.03052616  8.03446579 ...,  7.0343318   8.03375626
   8.03119373]
 [ 8.03052616  8.03052616  8.03381443 ...,  8.03375626  7.0336194
   8.03104019]
 [ 8.03052616  8.03052616  8.03122711 ...,  8.03119373  8.03104019
   7.03077555]]
Epoch (0) Batch(0) : Loss = [[ 6.93512917  7.93512917  7.93512917 ...,  7.93512917  7.93512917
   7.93512917]
 [ 7.93512917  6.93722439  7.93512917 ...,  7.93696928  7.93512917
   7.93729258]
 [ 7.93512917  7.93512917  6.93512917 ...,  7.93512917  7.93512917
   7.93512917]
 ..., 
 [ 7.93512917  7.93696928  7.93512917 ...,  6.93720913  7.93512917
   7.9368825 ]
 [ 7.93512917  7.93512917  7.93512917 ...,  7.93512917  6.93512917
   7.93512917]
 [ 7.93512917  7.93729258  7.93512917 ...,  7.9368825   7.93512917
   6.93742752]]
Epoch (0) Batch(0) : Loss = [[ 6.92187405  7.92037344  7.92037344 ...,  7.92037344  7.92180824
   7.92037344]
 [ 7.92037344  6.92037392  7.92037344 ...,  7.92037344  7.92037344
   7.92037344]
 [ 7.92037344  7.92037344  6.92037392 ...,  7.92037344  7.92037344
   7.92037344]
 ..., 
 [ 7.92037344  7.92037344  7.92037344 ...,  6.92037392  7.92037344
   7.92037344]
 [ 7.92180824  7.92037344  7.92037344 ...,  7.92037344  6.9217782
   7.92037344]
 [ 7.92037344  7.92037344  7.92037344 ...,  7.92037344  7.92037344
   6.92037392]]
Epoch (0) Batch(0) : Loss = [[ 6.91302776  7.91302776  7.91302776 ...,  7.91302776  7.91302776
   7.91302776]
 [ 7.91302776  6.91302776  7.91302776 ...,  7.91302776  7.91302776
   7.91302776]
 [ 7.91302776  7.91302776  6.91302776 ...,  7.91302776  7.91302776
   7.91302776]
 ..., 
 [ 7.91302776  7.91302776  7.91302776 ...,  6.91428947  7.91302776
   7.91302776]
 [ 7.91302776  7.91302776  7.91302776 ...,  7.91302776  6.91302776
   7.91302776]
 [ 7.91302776  7.91302776  7.91302776 ...,  7.91302776  7.91302776
   6.91302776]]
Epoch (0) Batch(0) : Loss = [[ 6.9109664   7.9109664   7.9109664  ...,  7.9109664   7.9109664
   7.9109664 ]
 [ 7.9109664   6.9109664   7.9109664  ...,  7.9109664   7.9109664
   7.9109664 ]
 [ 7.9109664   7.9109664   6.91270781 ...,  7.9109664   7.9109664
   7.9109664 ]
 ..., 
 [ 7.9109664   7.9109664   7.9109664  ...,  6.9109664   7.9109664
   7.9109664 ]
 [ 7.9109664   7.9109664   7.9109664  ...,  7.9109664   6.9109664
   7.9109664 ]
 [ 7.9109664   7.9109664   7.9109664  ...,  7.9109664   7.9109664
   6.9109664 ]]
Epoch (0) Batch(0) : Loss = [[ 6.8825984   7.8825984   7.8825984  ...,  7.8825984   7.8825984
   7.8825984 ]
 [ 7.8825984   6.88397884  7.8825984  ...,  7.8825984   7.8825984
   7.88269329]
 [ 7.8825984   7.8825984   6.8825984  ...,  7.8825984   7.8825984
   7.8825984 ]
 ..., 
 [ 7.8825984   7.8825984   7.8825984  ...,  6.8825984   7.8825984
   7.8825984 ]
 [ 7.8825984   7.8825984   7.8825984  ...,  7.8825984   6.8825984
   7.8825984 ]
 [ 7.8825984   7.88269329  7.8825984  ...,  7.8825984   7.8825984
   6.8826046 ]]
Epoch (0) Batch(0) : Loss = [[ 6.87153196  7.87058401  7.87058401 ...,  7.87058401  7.87058401
   7.87106514]
 [ 7.87058401  6.87058401  7.87058401 ...,  7.87058401  7.87058401
   7.87058401]
 [ 7.87058401  7.87058401  6.87058401 ...,  7.87058401  7.87058401
   7.87058401]
 ..., 
 [ 7.87058401  7.87058401  7.87058401 ...,  6.87058401  7.87058401
   7.87058401]
 [ 7.87058401  7.87058401  7.87058401 ...,  7.87058401  6.87058401
   7.87058401]
 [ 7.87106514  7.87058401  7.87058401 ...,  7.87058401  7.87058401
   6.87082815]]
Epoch (0) Batch(0) : Loss = [[ 6.83576727  7.83576727  7.83576727 ...,  7.83576727  7.83576727
   7.83576727]
 [ 7.83576727  6.83576727  7.83576727 ...,  7.83576727  7.83576727
   7.83576727]
 [ 7.83576727  7.83576727  6.83616829 ...,  7.83576727  7.83593369
   7.83624792]
 ..., 
 [ 7.83576727  7.83576727  7.83576727 ...,  6.83576727  7.83576727
   7.83576727]
 [ 7.83576727  7.83576727  7.83593369 ...,  7.83576727  6.83583641
   7.83596706]
 [ 7.83576727  7.83576727  7.83624792 ...,  7.83576727  7.83596706
   6.83634329]]
Epoch (0) Batch(0) : Loss = [[ 6.82644033  7.82644033  7.82644033 ...,  7.82644033  7.82644033
   7.82644033]
 [ 7.82644033  6.82667255  7.82644033 ...,  7.82644033  7.8267231
   7.82644033]
 [ 7.82644033  7.82644033  6.82644033 ...,  7.82644033  7.82644033
   7.82644033]
 ..., 
 [ 7.82644033  7.82644033  7.82644033 ...,  6.82644033  7.82644033
   7.82644033]
 [ 7.82644033  7.8267231   7.82644033 ...,  7.82644033  6.82678413
   7.82644033]
 [ 7.82644033  7.82644033  7.82644033 ...,  7.82644033  7.82644033
   6.82644033]]
Epoch (0) Batch(0) : Loss = [[ 6.82706308  7.82695961  7.82700872 ...,  7.82708931  7.82695961
   7.8270545 ]
 [ 7.82695961  6.82695961  7.82695961 ...,  7.82695961  7.82695961
   7.82695961]
 [ 7.82700872  7.82695961  6.82698298 ...,  7.82702112  7.82695961
   7.82700443]
 ..., 
 [ 7.82708931  7.82695961  7.82702112 ...,  6.82712221  7.82695961
   7.82707834]
 [ 7.82695961  7.82695961  7.82695961 ...,  7.82695961  6.82695961
   7.82695961]
 [ 7.8270545   7.82695961  7.82700443 ...,  7.82707834  7.82695961
   6.82704639]]
Epoch (0) Batch(0) : Loss = [[ 6.81596422  7.81596422  7.81596422 ...,  7.81596422  7.81596422
   7.81596422]
 [ 7.81596422  6.81596422  7.81596422 ...,  7.81596422  7.81596422
   7.81596422]
 [ 7.81596422  7.81596422  6.81596422 ...,  7.81596422  7.81596422
   7.81596422]
 ..., 
 [ 7.81596422  7.81596422  7.81596422 ...,  6.81596422  7.81596422
   7.81596422]
 [ 7.81596422  7.81596422  7.81596422 ...,  7.81596422  6.81597471
   7.81596422]
 [ 7.81596422  7.81596422  7.81596422 ...,  7.81596422  7.81596422
   6.81596422]]
Epoch (0) Batch(0) : Loss = [[ 6.83937931  7.83937931  7.83937931 ...,  7.83937931  7.83937931
   7.83937931]
 [ 7.83937931  6.83937931  7.83937931 ...,  7.83937931  7.83937931
   7.83937931]
 [ 7.83937931  7.83937931  6.83937931 ...,  7.83937931  7.83937931
   7.83937931]
 ..., 
 [ 7.83937931  7.83937931  7.83937931 ...,  6.83937931  7.83937931
   7.83937931]
 [ 7.83937931  7.83937931  7.83937931 ...,  7.83937931  6.83937931
   7.83937931]
 [ 7.83937931  7.83937931  7.83937931 ...,  7.83937931  7.83937931
   6.83937931]]
Epoch (0) Batch(0) : Loss = [[ 6.8068037  7.8068037  7.8068037 ...,  7.8068037  7.8068037  7.8068037]
 [ 7.8068037  6.8068037  7.8068037 ...,  7.8068037  7.8068037  7.8068037]
 [ 7.8068037  7.8068037  6.8068037 ...,  7.8068037  7.8068037  7.8068037]
 ..., 
 [ 7.8068037  7.8068037  7.8068037 ...,  6.8068037  7.8068037  7.8068037]
 [ 7.8068037  7.8068037  7.8068037 ...,  7.8068037  6.8068037  7.8068037]
 [ 7.8068037  7.8068037  7.8068037 ...,  7.8068037  7.8068037  6.8068037]]
Epoch (0) Batch(0) : Loss = [[ 6.80679083  7.80679083  7.80679083 ...,  7.80679083  7.80679083
   7.80679083]
 [ 7.80679083  6.80679083  7.80679083 ...,  7.80679083  7.80679083
   7.80679083]
 [ 7.80679083  7.80679083  6.80679083 ...,  7.80679083  7.80679083
   7.80679083]
 ..., 
 [ 7.80679083  7.80679083  7.80679083 ...,  6.80679083  7.80679083
   7.80679083]
 [ 7.80679083  7.80679083  7.80679083 ...,  7.80679083  6.80679083
   7.80679083]
 [ 7.80679083  7.80679083  7.80679083 ...,  7.80679083  7.80679083
   6.80679083]]
Epoch (0) Batch(0) : Loss = [[ 6.81923628  7.81923628  7.81923628 ...,  7.81923628  7.81923628
   7.81923628]
 [ 7.81923628  6.81923628  7.81923628 ...,  7.81923628  7.81923628
   7.81923628]
 [ 7.81923628  7.81923628  6.81923628 ...,  7.81923628  7.81923628
   7.81923628]
 ..., 
 [ 7.81923628  7.81923628  7.81923628 ...,  6.81923628  7.81923628
   7.81923628]
 [ 7.81923628  7.81923628  7.81923628 ...,  7.81923628  6.81923628
   7.81923628]
 [ 7.81923628  7.81923628  7.81923628 ...,  7.81923628  7.81923628
   6.81923628]]
Epoch (0) Batch(0) : Loss = [[ 6.83168268  7.83168268  7.83168268 ...,  7.83168268  7.83168268
   7.83168268]
 [ 7.83168268  6.83168268  7.83168268 ...,  7.83168268  7.83168268
   7.83168268]
 [ 7.83168268  7.83168268  6.83168268 ...,  7.83168268  7.83168268
   7.83168268]
 ..., 
 [ 7.83168268  7.83168268  7.83168268 ...,  6.83168268  7.83168268
   7.83168268]
 [ 7.83168268  7.83168268  7.83168268 ...,  7.83168268  6.83168268
   7.83168268]
 [ 7.83168268  7.83168268  7.83168268 ...,  7.83168268  7.83168268
   6.83168268]]
Epoch (0) Batch(0) : Loss = [[ 6.84151554  7.84151554  7.84151554 ...,  7.84151554  7.84151554
   7.84151554]
 [ 7.84151554  6.84151554  7.84151554 ...,  7.84151554  7.84151554
   7.84151554]
 [ 7.84151554  7.84151554  6.84151554 ...,  7.84151554  7.84151554
   7.84151554]
 ..., 
 [ 7.84151554  7.84151554  7.84151554 ...,  6.84151554  7.84151554
   7.84151554]
 [ 7.84151554  7.84151554  7.84151554 ...,  7.84151554  6.84151554
   7.84151554]
 [ 7.84151554  7.84151554  7.84151554 ...,  7.84151554  7.84151554
   6.84151554]]
Epoch (0) Batch(0) : Loss = [[ 6.8438158  7.8438158  7.8438158 ...,  7.8438158  7.8438158  7.8438158]
 [ 7.8438158  6.8438158  7.8438158 ...,  7.8438158  7.8438158  7.8438158]
 [ 7.8438158  7.8438158  6.8438158 ...,  7.8438158  7.8438158  7.8438158]
 ..., 
 [ 7.8438158  7.8438158  7.8438158 ...,  6.8438158  7.8438158  7.8438158]
 [ 7.8438158  7.8438158  7.8438158 ...,  7.8438158  6.8438158  7.8438158]
 [ 7.8438158  7.8438158  7.8438158 ...,  7.8438158  7.8438158  6.8438158]]
Epoch (0) Batch(0) : Loss = [[ 6.84546614  7.84546614  7.84546614 ...,  7.84546614  7.84546614
   7.84546614]
 [ 7.84546614  6.84546614  7.84546614 ...,  7.84546614  7.84546614
   7.84546614]
 [ 7.84546614  7.84546614  6.84546614 ...,  7.84546614  7.84546614
   7.84546614]
 ..., 
 [ 7.84546614  7.84546614  7.84546614 ...,  6.84546614  7.84546614
   7.84546614]
 [ 7.84546614  7.84546614  7.84546614 ...,  7.84546614  6.84546614
   7.84546614]
 [ 7.84546614  7.84546614  7.84546614 ...,  7.84546614  7.84546614
   6.84546614]]
Epoch (0) Batch(0) : Loss = [[ 6.80691671  7.80691671  7.80691671 ...,  7.80691671  7.80691671
   7.80691671]
 [ 7.80691671  6.80691671  7.80691671 ...,  7.80691671  7.80691671
   7.80691671]
 [ 7.80691671  7.80691671  6.80691671 ...,  7.80691671  7.80691671
   7.80691671]
 ..., 
 [ 7.80691671  7.80691671  7.80691671 ...,  6.80691671  7.80691671
   7.80691671]
 [ 7.80691671  7.80691671  7.80691671 ...,  7.80691671  6.80691671
   7.80691671]
 [ 7.80691671  7.80691671  7.80691671 ...,  7.80691671  7.80691671
   6.80691671]]
Epoch (0) Batch(0) : Loss = [[ 6.86542892  7.86542892  7.86542892 ...,  7.86542892  7.86542892
   7.86542892]
 [ 7.86542892  6.86542892  7.86542892 ...,  7.86542892  7.86542892
   7.86542892]
 [ 7.86542892  7.86542892  6.86542892 ...,  7.86542892  7.86542892
   7.86542892]
 ..., 
 [ 7.86542892  7.86542892  7.86542892 ...,  6.86542892  7.86542892
   7.86542892]
 [ 7.86542892  7.86542892  7.86542892 ...,  7.86542892  6.86542892
   7.86542892]
 [ 7.86542892  7.86542892  7.86542892 ...,  7.86542892  7.86542892
   6.86542892]]
Epoch (0) Batch(0) : Loss = [[ 6.84647083  7.84647083  7.84647083 ...,  7.84647083  7.84647083
   7.84647083]
 [ 7.84647083  6.84647083  7.84647083 ...,  7.84647083  7.84647083
   7.84647083]
 [ 7.84647083  7.84647083  6.84647083 ...,  7.84647083  7.84647083
   7.84647083]
 ..., 
 [ 7.84647083  7.84647083  7.84647083 ...,  6.84647083  7.84647083
   7.84647083]
 [ 7.84647083  7.84647083  7.84647083 ...,  7.84647083  6.84647083
   7.84647083]
 [ 7.84647083  7.84647083  7.84647083 ...,  7.84647083  7.84647083
   6.84647083]]
Epoch (0) Batch(0) : Loss = [[ 6.78219557  7.78219557  7.78219557 ...,  7.78219557  7.78219557
   7.78219557]
 [ 7.78219557  6.78219557  7.78219557 ...,  7.78219557  7.78219557
   7.78219557]
 [ 7.78219557  7.78219557  6.78219557 ...,  7.78219557  7.78219557
   7.78219557]
 ..., 
 [ 7.78219557  7.78219557  7.78219557 ...,  6.78219557  7.78219557
   7.78219557]
 [ 7.78219557  7.78219557  7.78219557 ...,  7.78219557  6.78219557
   7.78219557]
 [ 7.78219557  7.78219557  7.78219557 ...,  7.78219557  7.78219557
   6.78219557]]
Epoch (0) Batch(0) : Loss = [[ 6.97118759  7.97118759  7.97118759 ...,  7.97118759  7.97118759
   7.97118759]
 [ 7.97118759  6.97118759  7.97118759 ...,  7.97118759  7.97118759
   7.97118759]
 [ 7.97118759  7.97118759  6.97118759 ...,  7.97118759  7.97118759
   7.97118759]
 ..., 
 [ 7.97118759  7.97118759  7.97118759 ...,  6.97118759  7.97118759
   7.97118759]
 [ 7.97118759  7.97118759  7.97118759 ...,  7.97118759  6.97118759
   7.97118759]
 [ 7.97118759  7.97118759  7.97118759 ...,  7.97118759  7.97118759
   6.97118759]]
Epoch (0) Batch(0) : Loss = [[ 6.96244383  7.96244383  7.96244383 ...,  7.96244383  7.96244383
   7.96244383]
 [ 7.96244383  6.96244383  7.96244383 ...,  7.96244383  7.96244383
   7.96244383]
 [ 7.96244383  7.96244383  6.96244383 ...,  7.96244383  7.96244383
   7.96244383]
 ..., 
 [ 7.96244383  7.96244383  7.96244383 ...,  6.96244383  7.96244383
   7.96244383]
 [ 7.96244383  7.96244383  7.96244383 ...,  7.96244383  6.96244383
   7.96244383]
 [ 7.96244383  7.96244383  7.96244383 ...,  7.96244383  7.96244383
   6.96244383]]
Epoch (0) Batch(0) : Loss = [[ 6.96634245  7.96634245  7.96634245 ...,  7.96634245  7.96634245
   7.96634245]
 [ 7.96634245  6.96634245  7.96634245 ...,  7.96634245  7.96634245
   7.96634245]
 [ 7.96634245  7.96634245  6.96634245 ...,  7.96634245  7.96634245
   7.96634245]
 ..., 
 [ 7.96634245  7.96634245  7.96634245 ...,  6.96634245  7.96634245
   7.96634245]
 [ 7.96634245  7.96634245  7.96634245 ...,  7.96634245  6.96634245
   7.96634245]
 [ 7.96634245  7.96634245  7.96634245 ...,  7.96634245  7.96634245
   6.96634245]]
Epoch (0) Batch(0) : Loss = [[ 6.97801685  7.97801685  7.97801685 ...,  7.97801685  7.97801685
   7.97801685]
 [ 7.97801685  6.97801685  7.97801685 ...,  7.97801685  7.97801685
   7.97801685]
 [ 7.97801685  7.97801685  6.97801685 ...,  7.97801685  7.97801685
   7.97801685]
 ..., 
 [ 7.97801685  7.97801685  7.97801685 ...,  6.97801685  7.97801685
   7.97801685]
 [ 7.97801685  7.97801685  7.97801685 ...,  7.97801685  6.97801685
   7.97801685]
 [ 7.97801685  7.97801685  7.97801685 ...,  7.97801685  7.97801685
   6.97801685]]
Epoch (0) Batch(0) : Loss = [[ 6.98579359  7.98579359  7.98579359 ...,  7.98579359  7.98579359
   7.98579359]
 [ 7.98579359  6.98579359  7.98579359 ...,  7.98579359  7.98579359
   7.98579359]
 [ 7.98579359  7.98579359  6.98579359 ...,  7.98579359  7.98579359
   7.98579359]
 ..., 
 [ 7.98579359  7.98579359  7.98579359 ...,  6.98579359  7.98579359
   7.98579359]
 [ 7.98579359  7.98579359  7.98579359 ...,  7.98579359  6.98579359
   7.98579359]
 [ 7.98579359  7.98579359  7.98579359 ...,  7.98579359  7.98579359
   6.98579359]]
Epoch (0) Batch(0) : Loss = [[ 6.9935708  7.9935708  7.9935708 ...,  7.9935708  7.9935708  7.9935708]
 [ 7.9935708  6.9935708  7.9935708 ...,  7.9935708  7.9935708  7.9935708]
 [ 7.9935708  7.9935708  6.9935708 ...,  7.9935708  7.9935708  7.9935708]
 ..., 
 [ 7.9935708  7.9935708  7.9935708 ...,  6.9935708  7.9935708  7.9935708]
 [ 7.9935708  7.9935708  7.9935708 ...,  7.9935708  6.9935708  7.9935708]
 [ 7.9935708  7.9935708  7.9935708 ...,  7.9935708  7.9935708  6.9935708]]
Epoch (0) Batch(0) : Loss = [[ 6.99904728  7.99904728  7.99904728 ...,  7.99904728  7.99904728
   7.99904728]
 [ 7.99904728  6.99904728  7.99904728 ...,  7.99904728  7.99904728
   7.99904728]
 [ 7.99904728  7.99904728  6.99904728 ...,  7.99904728  7.99904728
   7.99904728]
 ..., 
 [ 7.99904728  7.99904728  7.99904728 ...,  6.99904728  7.99904728
   7.99904728]
 [ 7.99904728  7.99904728  7.99904728 ...,  7.99904728  6.99904728
   7.99904728]
 [ 7.99904728  7.99904728  7.99904728 ...,  7.99904728  7.99904728
   6.99904728]]
Epoch (0) Batch(0) : Loss = [[ 7.00392628  8.00392628  8.00392628 ...,  8.00392628  8.00392628
   8.00392628]
 [ 8.00392628  7.00392628  8.00392628 ...,  8.00392628  8.00392628
   8.00392628]
 [ 8.00392628  8.00392628  7.00392628 ...,  8.00392628  8.00392628
   8.00392628]
 ..., 
 [ 8.00392628  8.00392628  8.00392628 ...,  7.00392628  8.00392628
   8.00392628]
 [ 8.00392628  8.00392628  8.00392628 ...,  8.00392628  7.00392628
   8.00392628]
 [ 8.00392628  8.00392628  8.00392628 ...,  8.00392628  8.00392628
   7.00392628]]
Epoch (0) Batch(0) : Loss = 1687771.5
Epoch (0) Batch(0) : Loss = 3074315.5
Epoch (0) Batch(0) : Loss = 13857.548828125
Epoch (0) Batch(0) : Loss = -71.35157775878906
Epoch (0) Batch(0) : Loss = -71.37357330322266
Epoch (0) Batch(0) : Loss = -71.47056579589844
Epoch (0) Batch(0) : Loss = -71.8570556640625
Epoch (0) Batch(0) : Loss = -71.89879608154297
Epoch (0) Batch(0) : Loss = -71.83214569091797
Epoch (0) Batch(0) : Loss = -71.84201049804688
Epoch (0) Batch(0) : Loss = -71.84934997558594
Epoch (0) Batch(0) : Loss = -71.85334014892578
Epoch (0) Batch(0) : Loss = -71.9356918334961
Epoch (0) Batch(0) : Loss = -72.16726684570312
Epoch (0) Batch(0) : Loss = -72.1917724609375
Epoch (0) Batch(0) : Loss = -72.1855697631836
Epoch (0) Batch(0) : Loss = -72.17453002929688
Epoch (0) Batch(0) : Loss = -72.170166015625
Epoch (0) Batch(0) : Loss = -72.17808532714844
Epoch (0) Batch(0) : Loss = -72.1963882446289
Epoch (0) Batch(0) : Loss = -72.1928939819336
Epoch (0) Batch(0) : Loss = -72.17979431152344
Epoch (0) Batch(0) : Loss = -72.17721557617188
Epoch (0) Batch(0) : Loss = -72.16937255859375
Epoch (0) Batch(0) : Loss = -72.18269348144531
Epoch (0) Batch(0) : Loss = -72.1771469116211
Epoch (0) Batch(0) : Loss = -72.19374084472656
Epoch (0) Batch(0) : Loss = -72.18818664550781
Epoch (0) Batch(0) : Loss = -72.1783218383789
Epoch (0) Batch(0) : Loss = -72.18529510498047
Epoch (0) Batch(0) : Loss = -72.16082763671875
Epoch (0) Batch(0) : Loss = -72.19320678710938
Epoch (0) Batch(0) : Loss = -72.19320678710938
Epoch (0) Batch(0) : Loss = -72.1807632446289
Epoch (0) Batch(0) : Loss = -72.16831970214844
Epoch (0) Batch(0) : Loss = -72.15848541259766
Epoch (0) Batch(0) : Loss = -72.15618133544922
Epoch (0) Batch(0) : Loss = -72.15453338623047
Epoch (0) Batch(0) : Loss = -72.19308471679688
Epoch (0) Batch(0) : Loss = -72.13456726074219
Epoch (0) Batch(0) : Loss = -72.15352630615234
Epoch (0) Batch(0) : Loss = -72.21780395507812
Epoch (0) Batch(0) : Loss = -72.02880859375
Epoch (0) Batch(0) : Loss = -72.03755950927734
Epoch (0) Batch(0) : Loss = -72.03366088867188
Epoch (0) Batch(0) : Loss = -72.02198028564453
Epoch (0) Batch(0) : Loss = -72.01420593261719
Epoch (0) Batch(0) : Loss = -72.00643157958984
Epoch (0) Batch(0) : Loss = -72.0009536743164
Epoch (0) Batch(0) : Loss = -71.9960708618164
Epoch (0) Batch(0) : Loss = 3307147.75
Epoch (0) Batch(0) : Loss = 5243942.5
Epoch (0) Batch(0) : Loss = 18933.927734375
Epoch (0) Batch(0) : Loss = -111.35237884521484
Epoch (0) Batch(0) : Loss = -111.37274932861328
Epoch (0) Batch(0) : Loss = -111.7203369140625
Epoch (0) Batch(0) : Loss = -111.86141967773438
Epoch (0) Batch(0) : Loss = -111.89823150634766
Epoch (0) Batch(0) : Loss = -111.7474136352539
Epoch (0) Batch(0) : Loss = -111.84201049804688
Epoch (0) Batch(0) : Loss = -111.84986114501953
Epoch (0) Batch(0) : Loss = -111.85334777832031
Epoch (0) Batch(0) : Loss = -111.9356918334961
Epoch (0) Batch(0) : Loss = -112.16726684570312
Epoch (0) Batch(0) : Loss = -112.1917724609375
Epoch (0) Batch(0) : Loss = -112.1855697631836
Epoch (0) Batch(0) : Loss = -112.17453002929688
Epoch (0) Batch(0) : Loss = -112.170166015625
Epoch (0) Batch(0) : Loss = -112.17808532714844
Epoch (0) Batch(0) : Loss = -112.1963882446289
Epoch (0) Batch(0) : Loss = -112.1928939819336
Epoch (0) Batch(0) : Loss = -112.17979431152344
Epoch (0) Batch(0) : Loss = -112.17721557617188
Epoch (0) Batch(0) : Loss = -112.16937255859375
Epoch (0) Batch(0) : Loss = -112.18269348144531
Epoch (0) Batch(0) : Loss = -112.1771469116211
Epoch (0) Batch(0) : Loss = -112.19374084472656
Epoch (0) Batch(0) : Loss = -112.18818664550781
Epoch (0) Batch(0) : Loss = -112.1783218383789
Epoch (0) Batch(0) : Loss = -112.18529510498047
Epoch (0) Batch(0) : Loss = -112.16082763671875
Epoch (0) Batch(0) : Loss = -112.19320678710938
Epoch (0) Batch(0) : Loss = -112.19320678710938
Epoch (0) Batch(0) : Loss = -112.1807632446289
Epoch (0) Batch(0) : Loss = -112.16831970214844
Epoch (0) Batch(0) : Loss = -112.15848541259766
Epoch (0) Batch(0) : Loss = -112.15618133544922
Epoch (0) Batch(0) : Loss = -112.15453338623047
Epoch (0) Batch(0) : Loss = -112.19308471679688
Epoch (0) Batch(0) : Loss = -112.13456726074219
Epoch (0) Batch(0) : Loss = -112.15352630615234
Epoch (0) Batch(0) : Loss = -112.21780395507812
Epoch (0) Batch(0) : Loss = -112.02880859375
Epoch (0) Batch(0) : Loss = -112.03755950927734
Epoch (0) Batch(0) : Loss = -112.03366088867188
Epoch (0) Batch(0) : Loss = -112.02198028564453
Epoch (0) Batch(0) : Loss = -112.01420593261719
Epoch (0) Batch(0) : Loss = -112.00643157958984
Epoch (0) Batch(0) : Loss = -112.0009536743164
Epoch (0) Batch(0) : Loss = -111.9960708618164
Epoch (0) Batch(0) : Loss = 1687771.5
Epoch (0) Batch(0) : Loss = 3074315.5
Epoch (0) Batch(0) : Loss = 13857.548828125
Epoch (0) Batch(0) : Loss = -71.35157775878906
Epoch (0) Batch(0) : Loss = -71.37357330322266
Epoch (0) Batch(0) : Loss = -71.47056579589844
Epoch (0) Batch(0) : Loss = -71.8570556640625
Epoch (0) Batch(0) : Loss = -71.89879608154297
Epoch (0) Batch(0) : Loss = -71.83214569091797
Epoch (0) Batch(0) : Loss = -71.84201049804688
Epoch (0) Batch(0) : Loss = -71.84934997558594
Epoch (0) Batch(0) : Loss = -71.85334014892578
Epoch (0) Batch(0) : Loss = -71.9356918334961
Epoch (0) Batch(0) : Loss = -72.16726684570312
Epoch (0) Batch(0) : Loss = -72.1917724609375
Epoch (0) Batch(0) : Loss = -72.1855697631836
Epoch (0) Batch(0) : Loss = -72.17453002929688
Epoch (0) Batch(0) : Loss = -72.170166015625
Epoch (0) Batch(0) : Loss = -72.17808532714844
Epoch (0) Batch(0) : Loss = -72.1963882446289
Epoch (0) Batch(0) : Loss = -72.1928939819336
Epoch (0) Batch(0) : Loss = -72.17979431152344
Epoch (0) Batch(0) : Loss = -72.17721557617188
Epoch (0) Batch(0) : Loss = -72.16937255859375
Epoch (0) Batch(0) : Loss = -72.18269348144531
Epoch (0) Batch(0) : Loss = -72.1771469116211
Epoch (0) Batch(0) : Loss = -72.19374084472656
Epoch (0) Batch(0) : Loss = -72.18818664550781
Epoch (0) Batch(0) : Loss = -72.1783218383789
Epoch (0) Batch(0) : Loss = -72.18529510498047
Epoch (0) Batch(0) : Loss = -72.16082763671875
Epoch (0) Batch(0) : Loss = -72.19320678710938
Epoch (0) Batch(0) : Loss = -72.19320678710938
Epoch (0) Batch(0) : Loss = -72.1807632446289
Epoch (0) Batch(0) : Loss = -72.16831970214844
Epoch (0) Batch(0) : Loss = -72.15848541259766
Epoch (0) Batch(0) : Loss = -72.15618133544922
Epoch (0) Batch(0) : Loss = -72.15453338623047
Epoch (0) Batch(0) : Loss = -72.19308471679688
Epoch (0) Batch(0) : Loss = -72.13456726074219
Epoch (0) Batch(0) : Loss = -72.15352630615234
Epoch (0) Batch(0) : Loss = -72.21780395507812
Epoch (0) Batch(0) : Loss = -72.02880859375
Epoch (0) Batch(0) : Loss = -72.03755950927734
Epoch (0) Batch(0) : Loss = -72.03366088867188
Epoch (0) Batch(0) : Loss = -72.02198028564453
Epoch (0) Batch(0) : Loss = -72.01420593261719
Epoch (0) Batch(0) : Loss = -72.00643157958984
Epoch (0) Batch(0) : Loss = -72.0009536743164
Epoch (0) Batch(0) : Loss = -71.9960708618164
Epoch (0) Batch(0) : Loss = 1687772.5
Epoch (0) Batch(0) : Loss = 3074314.75
Epoch (0) Batch(0) : Loss = 13857.548828125
Epoch (0) Batch(0) : Loss = -71.35157775878906
Epoch (0) Batch(0) : Loss = -71.37357330322266
Epoch (0) Batch(0) : Loss = -71.47056579589844
Epoch (0) Batch(0) : Loss = -71.85704803466797
Epoch (0) Batch(0) : Loss = -71.89879608154297
Epoch (0) Batch(0) : Loss = -71.83214569091797
Epoch (0) Batch(0) : Loss = -71.84201049804688
Epoch (0) Batch(0) : Loss = -71.84934997558594
Epoch (0) Batch(0) : Loss = -71.85334014892578
Epoch (0) Batch(0) : Loss = -71.9356918334961
Epoch (0) Batch(0) : Loss = -72.16726684570312
Epoch (0) Batch(0) : Loss = -72.1917724609375
Epoch (0) Batch(0) : Loss = -72.1855697631836
Epoch (0) Batch(0) : Loss = -72.17453002929688
Epoch (0) Batch(0) : Loss = -72.170166015625
Epoch (0) Batch(0) : Loss = -72.17808532714844
Epoch (0) Batch(0) : Loss = -72.1963882446289
Epoch (0) Batch(0) : Loss = -72.1928939819336
Epoch (0) Batch(0) : Loss = -72.17979431152344
Epoch (0) Batch(0) : Loss = -72.17721557617188
Epoch (0) Batch(0) : Loss = -72.16937255859375
Epoch (0) Batch(0) : Loss = -72.18269348144531
Epoch (0) Batch(0) : Loss = -72.1771469116211
Epoch (0) Batch(0) : Loss = -72.19374084472656
Epoch (0) Batch(0) : Loss = -72.18818664550781
Epoch (0) Batch(0) : Loss = -72.1783218383789
Epoch (0) Batch(0) : Loss = -72.18529510498047
Epoch (0) Batch(0) : Loss = -72.16082763671875
Epoch (0) Batch(0) : Loss = -72.19320678710938
Epoch (0) Batch(0) : Loss = -72.19320678710938
Epoch (0) Batch(0) : Loss = -72.1807632446289
Epoch (0) Batch(0) : Loss = -72.16831970214844
Epoch (0) Batch(0) : Loss = -72.15848541259766
Epoch (0) Batch(0) : Loss = -72.15618133544922
Epoch (0) Batch(0) : Loss = -72.15453338623047
Epoch (0) Batch(0) : Loss = -72.19308471679688
Epoch (0) Batch(0) : Loss = -72.13456726074219
Epoch (0) Batch(0) : Loss = -72.15352630615234
Epoch (0) Batch(0) : Loss = -72.21780395507812
Epoch (0) Batch(0) : Loss = -72.02880859375
Epoch (0) Batch(0) : Loss = -72.03755950927734
Epoch (0) Batch(0) : Loss = -72.03366088867188
Epoch (0) Batch(0) : Loss = -72.02198028564453
Epoch (0) Batch(0) : Loss = -72.01420593261719
Epoch (0) Batch(0) : Loss = -72.00643157958984
Epoch (0) Batch(0) : Loss = -72.0009536743164
Epoch (0) Batch(0) : Loss = -71.9960708618164
Epoch (0) Batch(0) : Loss = 1687772.5
Epoch (0) Batch(0) : Loss = 3074314.75
Epoch (0) Batch(0) : Loss = 13857.548828125
Epoch (0) Batch(0) : Loss = -71.35157775878906
Epoch (0) Batch(0) : Loss = -71.37357330322266
Epoch (0) Batch(0) : Loss = -71.47056579589844
Epoch (0) Batch(0) : Loss = -71.85704803466797
Epoch (0) Batch(0) : Loss = -71.89879608154297
Epoch (0) Batch(0) : Loss = -71.83214569091797
Epoch (0) Batch(0) : Loss = -71.84201049804688
Epoch (0) Batch(0) : Loss = -71.84934997558594
Epoch (0) Batch(0) : Loss = -71.85334014892578
Epoch (0) Batch(0) : Loss = -71.9356918334961
Epoch (0) Batch(0) : Loss = -72.16726684570312
Epoch (0) Batch(0) : Loss = -72.1917724609375
Epoch (0) Batch(0) : Loss = -72.1855697631836
Epoch (0) Batch(0) : Loss = -72.17453002929688
Epoch (0) Batch(0) : Loss = -72.170166015625
Epoch (0) Batch(0) : Loss = -72.17808532714844
Epoch (0) Batch(0) : Loss = -72.1963882446289
Epoch (0) Batch(0) : Loss = -72.1928939819336
Epoch (0) Batch(0) : Loss = -72.17979431152344
Epoch (0) Batch(0) : Loss = -72.17721557617188
Epoch (0) Batch(0) : Loss = -72.16937255859375
Epoch (0) Batch(0) : Loss = -72.18269348144531
Epoch (0) Batch(0) : Loss = -72.1771469116211
Epoch (0) Batch(0) : Loss = -72.19374084472656
Epoch (0) Batch(0) : Loss = -72.18818664550781
Epoch (0) Batch(0) : Loss = -72.1783218383789
Epoch (0) Batch(0) : Loss = -72.18529510498047
Epoch (0) Batch(0) : Loss = -72.16082763671875
Epoch (0) Batch(0) : Loss = -72.19320678710938
Epoch (0) Batch(0) : Loss = -72.19320678710938
Epoch (0) Batch(0) : Loss = -72.1807632446289
Epoch (0) Batch(0) : Loss = -72.16831970214844
Epoch (0) Batch(0) : Loss = -72.15848541259766
Epoch (0) Batch(0) : Loss = -72.15618133544922
Epoch (0) Batch(0) : Loss = -72.15453338623047
Epoch (0) Batch(0) : Loss = -72.19308471679688
Epoch (0) Batch(0) : Loss = -72.13456726074219
Epoch (0) Batch(0) : Loss = -72.15352630615234
Epoch (0) Batch(0) : Loss = -72.21780395507812
Epoch (0) Batch(0) : Loss = -72.02880859375
Epoch (0) Batch(0) : Loss = -72.03755950927734
Epoch (0) Batch(0) : Loss = -72.03366088867188
Epoch (0) Batch(0) : Loss = -72.02198028564453
Epoch (0) Batch(0) : Loss = -72.01420593261719
Epoch (0) Batch(0) : Loss = -72.00643157958984
Epoch (0) Batch(0) : Loss = -72.0009536743164
Epoch (0) Batch(0) : Loss = -71.9960708618164
Epoch (0) Batch(0) : Loss = 1687772.5
Epoch (0) Batch(0) : Loss = 3074314.75
Epoch (0) Batch(0) : Loss = 13857.548828125
Epoch (0) Batch(0) : Loss = -71.35157775878906
Epoch (0) Batch(0) : Loss = -71.37357330322266
Epoch (0) Batch(0) : Loss = -71.47056579589844
Epoch (0) Batch(0) : Loss = -71.85704803466797
Epoch (0) Batch(0) : Loss = -71.89879608154297
Epoch (0) Batch(0) : Loss = -71.83214569091797
Epoch (0) Batch(0) : Loss = -71.84201049804688
Epoch (0) Batch(0) : Loss = -71.84934997558594
Epoch (0) Batch(0) : Loss = -71.85334014892578
Epoch (0) Batch(0) : Loss = -71.9356918334961
Epoch (0) Batch(0) : Loss = -72.16726684570312
Epoch (0) Batch(0) : Loss = -72.1917724609375
Epoch (0) Batch(0) : Loss = -72.1855697631836
Epoch (0) Batch(0) : Loss = -72.17453002929688
Epoch (0) Batch(0) : Loss = -72.170166015625
Epoch (0) Batch(0) : Loss = -72.17808532714844
Epoch (0) Batch(0) : Loss = -72.1963882446289
Epoch (0) Batch(0) : Loss = -72.1928939819336
Epoch (0) Batch(0) : Loss = -72.17979431152344
Epoch (0) Batch(0) : Loss = -72.17721557617188
Epoch (0) Batch(0) : Loss = -72.16937255859375
